1008 1007
1 2 1
2 3 1
2 4 1
4 5 1
5 6 1
5 8 1
7 8 1
8 9 1
9 10 1
9 11 1
11 12 1
12 13 1
13 14 1
14 15 1
14 16 1
16 17 1
17 18 1
17 20 1
19 20 1
20 21 1
21 22 1
21 23 1
23 24 1
24 25 1
25 26 1
26 27 1
26 28 1
28 29 1
29 30 1
29 32 1
31 32 1
32 33 1
33 34 1
33 35 1
35 36 1
36 37 1
37 38 1
38 39 1
38 40 1
40 41 1
41 42 1
41 44 1
43 44 1
44 45 1
45 46 1
45 47 1
47 48 1
48 49 1
49 50 1
50 51 1
50 52 1
52 53 1
53 54 1
53 56 1
55 56 1
56 57 1
57 58 1
57 59 1
59 60 1
60 61 1
61 62 1
62 63 1
62 64 1
64 65 1
65 66 1
65 68 1
67 68 1
68 69 1
69 70 1
69 71 1
71 72 1
72 73 1
73 74 1
74 75 1
74 76 1
76 77 1
77 78 1
77 80 1
79 80 1
80 81 1
81 82 1
81 83 1
83 84 1
84 85 1
85 86 1
86 87 1
86 88 1
88 89 1
89 90 1
89 92 1
91 92 1
92 93 1
93 94 1
93 95 1
95 96 1
96 97 1
97 98 1
98 99 1
98 100 1
100 101 1
101 102 1
101 104 1
103 104 1
104 105 1
105 106 1
105 107 1
107 108 1
108 109 1
109 110 1
110 111 1
110 112 1
112 113 1
113 114 1
113 116 1
115 116 1
116 117 1
117 118 1
117 119 1
119 120 1
120 121 1
121 122 1
122 123 1
122 124 1
124 125 1
125 126 1
125 128 1
127 128 1
128 129 1
129 130 1
129 131 1
131 132 1
132 133 1
133 134 1
134 135 1
134 136 1
136 137 1
137 138 1
137 140 1
139 140 1
140 141 1
141 142 1
141 143 1
143 144 1
144 145 1
145 146 1
146 147 1
146 148 1
148 149 1
149 150 1
149 152 1
151 152 1
152 153 1
153 154 1
153 155 1
155 156 1
156 157 1
157 158 1
158 159 1
158 160 1
160 161 1
161 162 1
161 164 1
163 164 1
164 165 1
165 166 1
165 167 1
167 168 1
168 169 1
169 170 1
170 171 1
170 172 1
172 173 1
173 174 1
173 176 1
175 176 1
176 177 1
177 178 1
177 179 1
179 180 1
180 181 1
181 182 1
182 183 1
182 184 1
184 185 1
185 186 1
185 188 1
187 188 1
188 189 1
189 190 1
189 191 1
191 192 1
192 193 1
193 194 1
194 195 1
194 196 1
196 197 1
197 198 1
197 200 1
199 200 1
200 201 1
201 202 1
201 203 1
203 204 1
204 205 1
205 206 1
206 207 1
206 208 1
208 209 1
209 210 1
209 212 1
211 212 1
212 213 1
213 214 1
213 215 1
215 216 1
216 217 1
217 218 1
218 219 1
218 220 1
220 221 1
221 222 1
221 224 1
223 224 1
224 225 1
225 226 1
225 227 1
227 228 1
228 229 1
229 230 1
230 231 1
230 232 1
232 233 1
233 234 1
233 236 1
235 236 1
236 237 1
237 238 1
237 239 1
239 240 1
240 241 1
241 242 1
242 243 1
242 244 1
244 245 1
245 246 1
245 248 1
247 248 1
248 249 1
249 250 1
249 251 1
251 252 1
252 253 1
253 254 1
254 255 1
254 256 1
256 257 1
257 258 1
257 260 1
259 260 1
260 261 1
261 262 1
261 263 1
263 264 1
264 265 1
265 266 1
266 267 1
266 268 1
268 269 1
269 270 1
269 272 1
271 272 1
272 273 1
273 274 1
273 275 1
275 276 1
276 277 1
277 278 1
278 279 1
278 280 1
280 281 1
281 282 1
281 284 1
283 284 1
284 285 1
285 286 1
285 287 1
287 288 1
288 289 1
289 290 1
290 291 1
290 292 1
292 293 1
293 294 1
293 296 1
295 296 1
296 297 1
297 298 1
297 299 1
299 300 1
300 301 1
301 302 1
302 303 1
302 304 1
304 305 1
305 306 1
305 308 1
307 308 1
308 309 1
309 310 1
309 311 1
311 312 1
312 313 1
313 314 1
314 315 1
314 316 1
316 317 1
317 318 1
317 320 1
319 320 1
320 321 1
321 322 1
321 323 1
323 324 1
324 325 1
325 326 1
326 327 1
326 328 1
328 329 1
329 330 1
329 332 1
331 332 1
332 333 1
333 334 1
333 335 1
335 336 1
336 337 1
337 338 1
338 339 1
338 340 1
340 341 1
341 342 1
341 344 1
343 344 1
344 345 1
345 346 1
345 347 1
347 348 1
348 349 1
349 350 1
350 351 1
350 352 1
352 353 1
353 354 1
353 356 1
355 356 1
356 357 1
357 358 1
357 359 1
359 360 1
360 361 1
361 362 1
362 363 1
362 364 1
364 365 1
365 366 1
365 368 1
367 368 1
368 369 1
369 370 1
369 371 1
371 372 1
372 373 1
373 374 1
374 375 1
374 376 1
376 377 1
377 378 1
377 380 1
379 380 1
380 381 1
381 382 1
381 383 1
383 384 1
384 385 1
385 386 1
386 387 1
386 388 1
388 389 1
389 390 1
389 392 1
391 392 1
392 393 1
393 394 1
393 395 1
395 396 1
396 397 1
397 398 1
398 399 1
398 400 1
400 401 1
401 402 1
401 404 1
403 404 1
404 405 1
405 406 1
405 407 1
407 408 1
408 409 1
409 410 1
410 411 1
410 412 1
412 413 1
413 414 1
413 416 1
415 416 1
416 417 1
417 418 1
417 419 1
419 420 1
420 421 1
421 422 1
422 423 1
422 424 1
424 425 1
425 426 1
425 428 1
427 428 1
428 429 1
429 430 1
429 431 1
431 432 1
432 433 1
433 434 1
434 435 1
434 436 1
436 437 1
437 438 1
437 440 1
439 440 1
440 441 1
441 442 1
441 443 1
443 444 1
444 445 1
445 446 1
446 447 1
446 448 1
448 449 1
449 450 1
449 452 1
451 452 1
452 453 1
453 454 1
453 455 1
455 456 1
456 457 1
457 458 1
458 459 1
458 460 1
460 461 1
461 462 1
461 464 1
463 464 1
464 465 1
465 466 1
465 467 1
467 468 1
468 469 1
469 470 1
470 471 1
470 472 1
472 473 1
473 474 1
473 476 1
475 476 1
476 477 1
477 478 1
477 479 1
479 480 1
480 481 1
481 482 1
482 483 1
482 484 1
484 485 1
485 486 1
485 488 1
487 488 1
488 489 1
489 490 1
489 491 1
491 492 1
492 493 1
493 494 1
494 495 1
494 496 1
496 497 1
497 498 1
497 500 1
499 500 1
500 501 1
501 502 1
501 503 1
503 504 1
504 505 1
505 506 1
506 507 1
506 508 1
508 509 1
509 510 1
509 512 1
511 512 1
512 513 1
513 514 1
513 515 1
515 516 1
516 517 1
517 518 1
518 519 1
518 520 1
520 521 1
521 522 1
521 524 1
523 524 1
524 525 1
525 526 1
525 527 1
527 528 1
528 529 1
529 530 1
530 531 1
530 532 1
532 533 1
533 534 1
533 536 1
535 536 1
536 537 1
537 538 1
537 539 1
539 540 1
540 541 1
541 542 1
542 543 1
542 544 1
544 545 1
545 546 1
545 548 1
547 548 1
548 549 1
549 550 1
549 551 1
551 552 1
552 553 1
553 554 1
554 555 1
554 556 1
556 557 1
557 558 1
557 560 1
559 560 1
560 561 1
561 562 1
561 563 1
563 564 1
564 565 1
565 566 1
566 567 1
566 568 1
568 569 1
569 570 1
569 572 1
571 572 1
572 573 1
573 574 1
573 575 1
575 576 1
576 577 1
577 578 1
578 579 1
578 580 1
580 581 1
581 582 1
581 584 1
583 584 1
584 585 1
585 586 1
585 587 1
587 588 1
588 589 1
589 590 1
590 591 1
590 592 1
592 593 1
593 594 1
593 596 1
595 596 1
596 597 1
597 598 1
597 599 1
599 600 1
600 601 1
601 602 1
602 603 1
602 604 1
604 605 1
605 606 1
605 608 1
607 608 1
608 609 1
609 610 1
609 611 1
611 612 1
612 613 1
613 614 1
614 615 1
614 616 1
616 617 1
617 618 1
617 620 1
619 620 1
620 621 1
621 622 1
621 623 1
623 624 1
624 625 1
625 626 1
626 627 1
626 628 1
628 629 1
629 630 1
629 632 1
631 632 1
632 633 1
633 634 1
633 635 1
635 636 1
636 637 1
637 638 1
638 639 1
638 640 1
640 641 1
641 642 1
641 644 1
643 644 1
644 645 1
645 646 1
645 647 1
647 648 1
648 649 1
649 650 1
650 651 1
650 652 1
652 653 1
653 654 1
653 656 1
655 656 1
656 657 1
657 658 1
657 659 1
659 660 1
660 661 1
661 662 1
662 663 1
662 664 1
664 665 1
665 666 1
665 668 1
667 668 1
668 669 1
669 670 1
669 671 1
671 672 1
672 673 1
673 674 1
674 675 1
674 676 1
676 677 1
677 678 1
677 680 1
679 680 1
680 681 1
681 682 1
681 683 1
683 684 1
684 685 1
685 686 1
686 687 1
686 688 1
688 689 1
689 690 1
689 692 1
691 692 1
692 693 1
693 694 1
693 695 1
695 696 1
696 697 1
697 698 1
698 699 1
698 700 1
700 701 1
701 702 1
701 704 1
703 704 1
704 705 1
705 706 1
705 707 1
707 708 1
708 709 1
709 710 1
710 711 1
710 712 1
712 713 1
713 714 1
713 716 1
715 716 1
716 717 1
717 718 1
717 719 1
719 720 1
720 721 1
721 722 1
722 723 1
722 724 1
724 725 1
725 726 1
725 728 1
727 728 1
728 729 1
729 730 1
729 731 1
731 732 1
732 733 1
733 734 1
734 735 1
734 736 1
736 737 1
737 738 1
737 740 1
739 740 1
740 741 1
741 742 1
741 743 1
743 744 1
744 745 1
745 746 1
746 747 1
746 748 1
748 749 1
749 750 1
749 752 1
751 752 1
752 753 1
753 754 1
753 755 1
755 756 1
756 757 1
757 758 1
758 759 1
758 760 1
760 761 1
761 762 1
761 764 1
763 764 1
764 765 1
765 766 1
765 767 1
767 768 1
768 769 1
769 770 1
770 771 1
770 772 1
772 773 1
773 774 1
773 776 1
775 776 1
776 777 1
777 778 1
777 779 1
779 780 1
780 781 1
781 782 1
782 783 1
782 784 1
784 785 1
785 786 1
785 788 1
787 788 1
788 789 1
789 790 1
789 791 1
791 792 1
792 793 1
793 794 1
794 795 1
794 796 1
796 797 1
797 798 1
797 800 1
799 800 1
800 801 1
801 802 1
801 803 1
803 804 1
804 805 1
805 806 1
806 807 1
806 808 1
808 809 1
809 810 1
809 812 1
811 812 1
812 813 1
813 814 1
813 815 1
815 816 1
816 817 1
817 818 1
818 819 1
818 820 1
820 821 1
821 822 1
821 824 1
823 824 1
824 825 1
825 826 1
825 827 1
827 828 1
828 829 1
829 830 1
830 831 1
830 832 1
832 833 1
833 834 1
833 836 1
835 836 1
836 837 1
837 838 1
837 839 1
839 840 1
840 841 1
841 842 1
842 843 1
842 844 1
844 845 1
845 846 1
845 848 1
847 848 1
848 849 1
849 850 1
849 851 1
851 852 1
852 853 1
853 854 1
854 855 1
854 856 1
856 857 1
857 858 1
857 860 1
859 860 1
860 861 1
861 862 1
861 863 1
863 864 1
864 865 1
865 866 1
866 867 1
866 868 1
868 869 1
869 870 1
869 872 1
871 872 1
872 873 1
873 874 1
873 875 1
875 876 1
876 877 1
877 878 1
878 879 1
878 880 1
880 881 1
881 882 1
881 884 1
883 884 1
884 885 1
885 886 1
885 887 1
887 888 1
888 889 1
889 890 1
890 891 1
890 892 1
892 893 1
893 894 1
893 896 1
895 896 1
896 897 1
897 898 1
897 899 1
899 900 1
900 901 1
901 902 1
902 903 1
902 904 1
904 905 1
905 906 1
905 908 1
907 908 1
908 909 1
909 910 1
909 911 1
911 912 1
912 913 1
913 914 1
914 915 1
914 916 1
916 917 1
917 918 1
917 920 1
919 920 1
920 921 1
921 922 1
921 923 1
923 924 1
924 925 1
925 926 1
926 927 1
926 928 1
928 929 1
929 930 1
929 932 1
931 932 1
932 933 1
933 934 1
933 935 1
935 936 1
936 937 1
937 938 1
938 939 1
938 940 1
940 941 1
941 942 1
941 944 1
943 944 1
944 945 1
945 946 1
945 947 1
947 948 1
948 949 1
949 950 1
950 951 1
950 952 1
952 953 1
953 954 1
953 956 1
955 956 1
956 957 1
957 958 1
957 959 1
959 960 1
960 961 1
961 962 1
962 963 1
962 964 1
964 965 1
965 966 1
965 968 1
967 968 1
968 969 1
969 970 1
969 971 1
971 972 1
972 973 1
973 974 1
974 975 1
974 976 1
976 977 1
977 978 1
977 980 1
979 980 1
980 981 1
981 982 1
981 983 1
983 984 1
984 985 1
985 986 1
986 987 1
986 988 1
988 989 1
989 990 1
989 992 1
991 992 1
992 993 1
993 994 1
993 995 1
995 996 1
996 997 1
997 998 1
998 999 1
998 1000 1
1000 1001 1
1001 1002 1
1001 1004 1
1003 1004 1
1004 1005 1
1005 1006 1
1005 1007 1
1007 1008 1
